Heart
[0, 1, 2, 3, 4, 5, 6, 7, 8, 8, 8, 7, 6, 5, 4, 3, 2, 1, 0, 0, 0]
[1, 0, 0, 0, 1, 0, 0, 0, 1, 2, 3, 4, 5, 6, 7, 6, 5, 4, 3, 2, 1]
Broken Heart
[4, 5, 6, 7, 8, 8, 8, 7, 6, 5, 4, 3, 4, 3, 4, 3, 4, 3, 2, 1, 0, 0, 0, 1, 2, 3]
[1, 0, 0, 0, 1, 2, 3, 4, 5, 6, 7, 6, 5, 4, 3, 2, 1, 0, 0, 0, 1, 2, 3, 4, 5, 6]
Turtle
[8, 9, 10, 11, 11, 10, 9, 8, 8, 7, 7, 8, 7, 6, 6, 7, 6, 6, 5, 4, 4, 3, 2, 2, 3, 4, 3, 3, 2, 2, 1, 1, 0, 1, 1, 1, 2, 3, 4, 5, 6, 7, 8, 9]
[3, 2, 2, 3, 4, 4, 4, 4, 5, 5, 4, 4, 4, 4, 5, 5, 5, 4, 4, 4, 5, 5, 5, 4, 4, 4, 4, 5, 5, 4, 4, 3, 4, 4, 3, 2, 1, 0, 0, 0, 0, 1, 2, 3]
Castle
[2, 3, 4, 3, 2, 1, 0, 1, 1, 1, 1, 1, 1, 0, 1, 2, 3, 4, 3, 3, 3, 4, 4, 5, 5, 6, 7, 7, 8, 8, 9, 9, 9, 8, 9, 10, 11, 12, 11, 11, 11, 11, 11, 11, 12, 11, 10, 9, 8, 7, 6, 7, 8, 8, 7, 6, 6, 6, 6, 6, 5, 4, 4]
[9, 8, 7, 7, 7, 7, 7, 7, 6, 5, 4, 3, 2, 2, 1, 0, 1, 2, 2, 3, 4, 4, 3, 3, 4, 4, 4, 3, 3, 4, 4, 3, 2, 2, 1, 0, 1, 2, 2, 3, 4, 5, 6, 7, 7, 7, 7, 7, 7, 8, 9, 8, 7, 6, 5, 5, 6, 7, 6, 5, 5, 6, 7]
Penguin
[1, 2, 3, 3, 3, 3, 3, 3, 3, 3, 2, 1, 1, 1, 2, 3, 4, 5, 6, 5, 4, 3, 3, 4, 4, 3, 2, 2, 1, 1, 2, 2, 1, 1, 1, 0,  0, 0, 0, 0, 0, 0, 0, 1, 2, 3, 3, 3, 4, 5, 6, 7, 7, 7, 8, 8, 8, 8, 7, 6, 5, 4, 3, 2, 2, 2, 2, 3, 4, 5, 6, 7, 8, 9, 10, 10, 10, 10, 10, 10, 10, 10, 9, 9, 9, 8, 7, 6, 7, 7, 6, 6, 7, 8, 8, 9, 9, 8, 8, 9, 9, 9, 8, 7, 7, 7, 7, 7, 7, 7, 7, 8, 9]
[7, 8, 9, 10, 11, 12, 13, 14, 15, 16, 15, 14, 15, 16, 17, 17, 17, 17, 17, 18, 17, 17, 18, 19, 20, 19, 20, 19, 20, 19, 18, 17, 16, 15, 14, 13, 12, 11, 10, 9, 8, 7, 6, 5, 4, 3, 4, 5, 6, 6, 6, 5, 4, 3, 4, 3, 2, 1, 0, 0, 0, 0, 0, 1, 2, 3, 4, 5, 6, 7, 6, 5, 4, 5, 6, 7, 8, 9, 10, 11, 12, 13, 14, 15, 16, 17, 17, 17, 17, 18, 19, 20, 19, 20, 19, 20, 19, 18, 17, 16, 15, 14, 15, 16, 15, 14, 13, 12, 11, 10, 9, 8, 7]
Lightning
[8, 7, 6, 5, 4, 3, 2, 1, 0, 0, 0, 1, 2, 3, 4, 5, 6, 7, 8, 9, 10, 11, 12, 12, 11, 11, 10, 9, 8, 7, 6, 7, 6, 7, 7, 6, 6, 6, 5, 6, 5, 4, 3]
[4, 5, 5, 5, 5, 6, 6, 6, 5, 4, 3, 2, 1, 1, 1, 2, 1, 0, 0, 0, 0, 1, 2, 3, 4, 5, 6, 6, 6, 5, 6, 7, 8, 9, 10, 11, 10, 9, 8, 7, 6, 5, 4]
Cube
[0, 1, 2, 2, 1, 1, 2, 1, 0, 0, 1]
[1, 0, 0, 1, 2, 1, 0, 1, 1, 2, 2]
Microscope
[2, 3, 4, 4, 5, 6, 7, 8, 9, 8, 9, 8, 7, 6, 5, 4, 3, 2, 1, 0, 1, 0, 1, 2, 1, 1, 2, 2, 2, 3, 4, 4, 3, 2, 2, 3, 4, 5, 6, 7, 8, 8, 7, 6, 6, 7, 8, 9, 10, 11, 10, 9, 8, 7, 6, 5, 4, 3, 3, 3, 4]
[5, 5, 6, 7, 8, 9, 8, 9, 8, 7, 6, 5, 4, 3, 2, 1, 0, 1, 0, 1, 2, 3, 4, 5, 6, 7, 8, 9, 10, 11, 12, 13, 13, 13, 14, 14, 14, 14, 14, 14, 14, 13, 13, 13, 12, 12, 11, 10, 9, 8, 8, 9, 10, 11, 11, 11, 11, 10, 9, 8, 7]
Crocodile
[13, 14, 15, 16, 17, 16, 15, 14, 13, 13, 12, 11, 10, 9, 8, 7, 6, 5, 4, 4, 3, 3, 2, 1, 2, 1, 2, 1, 2, 2, 1, 0, 0, 0, 1, 2, 3, 4, 5, 5, 6, 7, 6, 7, 8, 7, 8, 9, 9, 10, 11, 10, 11, 12, 11, 12, 13, 14, 15, 16, 17, 17]
[5, 6, 5, 6, 5, 4, 4, 4, 4, 3, 4, 5, 4, 4, 4, 4, 4, 4, 5, 4, 5, 4, 5, 4, 4, 3, 3, 2, 1, 0, 1, 2, 3, 4, 5, 6, 6, 6, 6, 7, 7, 7, 6, 7, 7, 6, 6, 6, 7, 7, 7, 6, 7, 7, 6, 6, 6, 6, 6, 6, 6, 5]
Giraffe
[8, 7, 7, 7, 7, 7, 7, 7, 7, 7, 7, 8, 8, 8, 8, 8, 8, 8, 8, 8, 8, 8, 8, 9, 9, 9, 9, 9, 9, 9, 9, 9, 9, 9, 9, 9, 9, 9, 8, 7, 6, 5, 5, 4, 4, 4, 5, 6, 6, 6, 6, 6, 6, 6, 5, 5, 4, 4, 4, 5, 6, 6, 6, 6, 6, 7, 7, 7, 7, 7, 6, 6, 6, 5, 5, 5, 4, 4, 4, 3, 3, 3, 2, 2, 2, 2, 2, 3, 4, 5, 6, 5, 4, 3, 3, 3, 3, 3, 3, 3, 3, 3, 3, 3, 4, 5, 5, 5, 4, 3, 3, 3, 3, 3, 3, 3, 3, 2, 1, 0, 0, 0, 0, 0, 0, 0, 0, 0, 0, 0, 0, 0, 0, 0, 1, 1, 1, 1, 1, 1, 1, 1, 1, 1, 1, 1, 2, 2, 2, 2, 2, 2, 2, 2, 2, 2, 1, 2, 2, 2, 2, 2, 2, 2, 2, 2, 2, 3, 4, 5, 6, 7, 6, 5, 5, 5, 6, 7, 8, 9]
[32, 32, 31, 30, 29, 28, 27, 26, 25, 24, 23, 22, 23, 24, 25, 26, 27, 28, 29, 30, 31, 32, 33, 33, 32, 31, 30, 29, 28, 27, 26, 25, 24, 23, 22, 21, 20, 19, 18, 17, 16, 15, 14, 13, 12, 11, 11, 10, 11, 12, 13, 14, 15, 16, 15, 14, 13, 12, 11, 11, 10, 9, 8, 7, 6, 5, 4, 3, 2, 1, 2, 1, 0, 1, 2, 3, 3, 2, 1, 0, 1, 2, 1, 2, 3, 4, 5, 6, 7, 7, 6, 7, 7, 6, 7, 8, 9, 10, 11, 12, 13, 14, 15, 16, 16, 17, 18, 19, 20, 19, 20, 21, 20, 19, 18, 17, 16, 17, 18, 19, 20, 21, 22, 23, 24, 25, 26, 27, 28, 29, 30, 31, 32, 33, 33, 32, 31, 30, 29, 28, 27, 26, 25, 24, 23, 22, 23, 24, 25, 26, 27, 28, 29, 30, 31, 32, 32, 32, 31, 30, 29, 28, 27, 26, 25, 24, 23, 24, 24, 24, 24, 23, 24, 24, 23, 22, 21, 21, 21, 22]
Whale
[8, 8, 9, 10, 10, 10, 10, 10, 10, 10, 9, 8, 7, 6, 5, 4, 3, 2, 2, 2, 2, 1, 2, 3, 4, 5, 6, 7, 8, 9, 10, 11, 12, 13, 14, 15, 15, 15, 16, 17, 16, 15, 15, 15, 14, 15, 15, 15, 15, 14, 13, 12, 11, 10, 10, 10, 11, 12, 12]
[3, 2, 1, 2, 1, 0, 1, 2, 3, 4, 4, 5, 6, 7, 7, 7, 6, 5, 6, 7, 8, 9, 8, 9, 8, 9, 8, 9, 8, 9, 8, 9, 8, 9, 8, 9, 8, 9, 8, 9, 8, 9, 9, 8, 7, 8, 7, 6, 5, 4, 4, 4, 4, 4, 3, 2, 1, 2, 3]
Kampvuur
[3, 4, 5, 6, 7, 8, 9, 8, 7, 7, 6, 5, 4, 3, 3, 2, 1, 2, 3, 2, 1, 0, 1, 2, 3, 3, 2, 3, 4, 4, 3, 4, 5, 5, 4, 4, 5, 6, 6, 7, 8, 7, 7, 8, 9, 9, 8, 7, 6]
[8, 8, 8, 8, 8, 8, 8, 9, 10, 11, 10, 11, 10, 11, 10, 9, 8, 8, 8, 7, 6, 5, 5, 6, 5, 4, 3, 3, 4, 3, 2, 2, 3, 2, 1, 0, 1, 2, 3, 2, 2, 3, 4, 5, 4, 5, 6, 7, 8]
vp19
[7, 7, 7, 7, 7, 7, 7, 6, 6, 6, 6, 6, 6, 5, 4, 3, 2, 1, 0, 1, 2, 3, 4, 5, 6, 7, 8, 8, 8, 8, 9, 10, 10, 9, 8, 7, 8, 8, 8, 9, 9, 8, 8, 9, 10, 11, 12, 12, 12, 12, 12, 12, 13, 13, 13, 14, 15, 15, 14, 13, 13, 14, 15, 16, 16, 15, 14, 14, 15, 15, 16, 16, 16, 15, 14, 13, 12, 11, 10, 10, 11, 11, 11, 11, 11, 10]
[6, 5, 4, 3, 2, 1, 0, 0, 1, 2, 3, 4, 5, 4, 3, 2, 1, 0, 0, 1, 2, 3, 4, 5, 6, 6, 6, 5, 4, 3, 3, 2, 1, 0, 0, 0, 0, 1, 2, 2, 1, 1, 0, 0, 1, 0, 0, 1, 2, 3, 4, 5, 5, 6, 5, 5, 4, 3, 3, 2, 1, 0, 0, 1, 2, 2, 2, 1, 1, 2, 2, 3, 4, 5, 6, 6, 6, 6, 6, 5, 5, 4, 3, 2, 1, 2]
Franse Lely
[4, 4, 4, 3, 2, 1, 1, 2, 1, 0, 0, 0, 1, 2, 3, 4, 5, 5, 5, 5, 4, 3, 3, 4, 5, 6, 5, 5, 6, 6, 7, 8, 8, 9, 9, 8, 7, 6, 7, 8, 9, 10, 11, 11, 10, 9, 10, 10, 10, 11, 12, 13, 13, 12, 13, 14, 14, 14, 13, 12, 11, 10, 9, 9, 9, 9, 8, 7, 6, 5, 6, 6, 6, 6, 5, 5, 5, 5, 6, 7, 8, 9, 9, 9, 9, 8, 8, 8, 8]
[9, 8, 7, 6, 6, 6, 7, 8, 8, 7, 6, 5, 4, 4, 4, 5, 6, 7, 8, 9, 9, 9, 10, 10, 10, 10, 11, 12, 11, 12, 13, 12, 11, 12, 11, 10, 10, 10, 10, 10, 10, 10, 10, 9, 9, 9, 9, 8, 7, 6, 6, 6, 7, 8, 8, 7, 6, 5, 4, 4, 4, 5, 6, 7, 8, 9, 9, 9, 9, 9, 9, 8, 7, 6, 5, 4, 3, 2, 1, 0, 1, 2, 3, 4, 5, 6, 7, 8, 9]
JackOLantern
[5, 4, 3, 3, 2, 1, 0, 0, 0, 1, 2, 3, 4, 3, 2, 1, 1, 1, 2, 3, 3, 2, 3, 3, 2, 2, 2, 3, 4, 5, 4, 3, 2, 3, 4, 5, 5, 5, 4, 4, 5, 4, 4, 5, 6, 6, 6, 5, 4, 5, 6, 7, 7, 7, 6, 5, 4, 4, 5]
[0, 0, 1, 2, 2, 3, 4, 5, 6, 7, 8, 8, 8, 8, 7, 6, 5, 4, 3, 2, 3, 4, 4, 3, 4, 5, 6, 7, 7, 6, 6, 6, 6, 7, 7, 6, 5, 4, 3, 4, 4, 3, 2, 3, 4, 5, 6, 7, 8, 8, 7, 6, 5, 4, 3, 2, 2, 1, 0]
WitchesHat
[2, 3, 4, 5, 6, 7, 6, 5, 4, 3, 2, 1, 0, 1, 2, 2, 2, 2, 3, 4, 5, 6, 7, 8, 8, 7, 6, 5, 5, 5, 5, 5]
[6, 6, 6, 6, 6, 7, 7, 7, 7, 7, 7, 7, 7, 6, 6, 5, 4, 3, 2, 1, 0, 0, 0, 1, 2, 1, 1, 2, 3, 4, 5, 6]
Candy
[2, 2, 1, 0, 1, 1, 0, 1, 2, 3, 4, 5, 6, 7, 6, 6, 7, 6, 5, 5, 5, 4, 3, 2]
[1, 2, 3, 3, 2, 1, 0, 0, 1, 0, 0, 1, 0, 0, 1, 2, 3, 3, 2, 1, 2, 3, 3, 2]
Tombstone
[1, 2, 2, 3, 3, 4, 4, 3, 2, 1, 1, 1, 1, 1, 0, 0, 1, 2, 3, 4, 5, 5, 4, 4, 4, 4, 4, 3, 3, 3, 2, 2, 2, 1]
[2, 2, 1, 1, 2, 2, 1, 0, 0, 1, 2, 3, 4, 5, 5, 6, 6, 6, 6, 6, 6, 5, 5, 4, 3, 2, 3, 3, 4, 5, 5, 4, 3, 3]
Broomstick
[0, 1, 2, 3, 4, 5, 5, 6, 6, 7, 8, 9, 10, 11, 12, 13, 14, 15, 15, 14, 13, 12, 11, 10, 9, 8, 7, 6, 6, 5, 5, 4, 3, 2, 1, 0]
[2, 1, 0, 0, 0, 1, 0, 0, 1, 1, 1, 1, 0, 0, 0, 1, 1, 1, 2, 2, 2, 1, 1, 1, 2, 2, 2, 2, 3, 3, 2, 3, 3, 3, 3, 2]
Spider
[0, 1, 2, 3, 4, 5, 6, 5, 4, 4, 5, 6, 5, 4, 4, 5, 6, 5, 4, 5, 5, 5, 4, 3, 2, 1, 1, 1, 2, 1, 0, 1, 2, 2, 1, 0, 1, 2, 2]
[1, 0, 1, 0, 1, 0, 1, 0, 1, 2, 1, 2, 1, 2, 3, 2, 3, 2, 3, 4, 5, 4, 3, 4, 3, 4, 5, 4, 3, 2, 3, 2, 3, 2, 1, 2, 1, 2, 1]
Candy cane
[1, 1, 0, 1, 1, 0, 0, 0, 0, 1, 1, 1, 1, 0, 0, 0, 0, 1, 1, 1, 1, 0, 0, 0, 0, 1, 1, 0, 0, 1, 1, 2, 2, 2, 3, 3, 4, 4, 3, 3, 4, 3, 2, 1, 1, 2]
[7, 8, 8, 7, 6, 7, 8, 7, 6, 5, 6, 5, 4, 5, 6, 5, 4, 3, 4, 3, 2, 3, 4, 3, 2, 1, 0, 1, 2, 1, 0, 0, 1, 0, 0, 1, 2, 1, 1, 0, 1, 1, 1, 1, 2, 1]
Spiderweb
[1, 1, 0, 1, 1, 2, 1, 2, 3, 4, 4, 4, 5, 6, 7, 6, 7, 7, 8, 7, 7, 6, 7, 6, 5, 4, 4, 4, 3, 2, 1, 2, 2, 2, 1, 2, 2, 3, 4, 4, 4, 5, 6, 6, 7, 6, 6, 5, 4, 4, 4, 3, 2, 3, 3, 2, 3, 3, 2, 3, 4, 4, 4, 5, 6, 5, 5, 6, 5, 5, 6, 5, 4, 4, 4, 4, 3, 4, 3, 4, 3, 4, 4, 4, 5, 4, 5, 4, 5]
[5, 4, 4, 4, 3, 2, 1, 2, 1, 1, 0, 1, 1, 2, 1, 2, 3, 4, 4, 4, 5, 6, 7, 6, 7, 7, 8, 7, 7, 6, 7, 6, 5, 4, 4, 4, 3, 2, 2, 1, 2, 2, 3, 4, 4, 4, 5, 6, 6, 7, 6, 5, 6, 5, 4, 4, 4, 3, 2, 3, 3, 2, 3, 3, 2, 3, 4, 4, 4, 5, 6, 5, 5, 6, 5, 4, 5, 4, 4, 4, 3, 4, 3, 4, 3, 4, 4, 4, 5]
Bat
[0, 1, 2, 3, 4, 5, 6, 7, 8, 8, 9, 10, 10, 11, 12, 13, 14, 15, 16, 17, 18, 17, 16, 15, 14, 13, 13, 12, 11, 10, 10, 9, 8, 8, 9, 10, 9, 8, 7, 6, 5, 5, 4, 3, 2, 1, 0]
[2, 2, 2, 3, 2, 2, 2, 3, 2, 1, 0, 1, 2, 3, 2, 2, 2, 3, 2, 2, 2, 3, 4, 5, 6, 7, 6, 5, 6, 7, 8, 7, 8, 7, 8, 7, 8, 7, 6, 5, 6, 7, 6, 5, 4, 3, 2]
Skull
[2, 2, 3, 2, 1, 0, 1, 2, 3, 4, 5, 6, 7, 6, 5, 4, 5, 5, 6, 7, 7, 7, 6, 5, 4, 3, 3, 4, 4, 3, 3, 2, 1, 0, 0, 0, 0, 0, 1, 2, 2, 3, 3, 4, 4, 3, 4, 5, 5, 6, 7]
[2, 3, 3, 2, 2, 2, 1, 0, 0, 0, 0, 1, 2, 2, 2, 3, 3, 2, 2, 2, 3, 4, 4, 5, 5, 6, 5, 6, 5, 6, 5, 5, 4, 4, 3, 2, 3, 4, 5, 6, 7, 8, 7, 8, 7, 8, 8, 7, 6, 5, 4]
Potion
[4, 4, 3, 3, 4, 5, 4, 4, 4, 4, 5, 6, 7, 7, 6, 5, 4, 3, 2, 1, 0, 0, 1, 2, 3, 3, 3, 3, 2, 3]
[1, 0, 0, 1, 1, 1, 2, 3, 4, 5, 6, 7, 8, 9, 10, 10, 10, 10, 10, 10, 9, 8, 7, 6, 5, 4, 3, 2, 1, 1]
Dead Tree
[2, 3, 4, 4, 4, 4, 5, 6, 6, 5, 6, 7, 7, 6, 7, 8, 8, 8, 8, 7, 7, 8, 7, 6, 6, 7, 6, 5, 5, 5, 5, 5, 5, 4, 3, 2, 1, 0, 0, 0, 1, 1, 2, 3, 3, 4, 5, 6, 6, 6, 7, 6, 6, 6, 5, 5, 5, 4, 3, 3, 3, 4, 4, 5, 6, 6, 6, 6, 7, 8, 8, 7, 7, 7, 8, 9, 9, 8, 8, 8, 8, 8, 8, 8, 7, 8, 8, 9, 9, 9, 9, 9, 9, 10, 11, 11, 10, 10, 10, 10, 10, 11, 11, 11, 12, 12, 12, 12, 11, 10, 9, 9, 9, 9, 9, 9, 9, 9, 10, 11, 10, 9, 8, 7, 6, 5, 4, 3, 2]
[19, 18, 17, 16, 15, 14, 13, 14, 13, 13, 13, 14, 13, 13, 13, 14, 15, 16, 17, 16, 17, 17, 17, 17, 16, 17, 17, 16, 15, 14, 13, 12, 11, 11, 11, 11, 10, 9, 8, 7, 8, 9, 10, 10, 9, 10, 10, 9, 10, 11, 11, 10, 9, 8, 7, 6, 5, 4, 3, 2, 1, 2, 3, 4, 5, 4, 3, 2, 1, 0, 1, 2, 3, 4, 3, 2, 3, 4, 5, 6, 7, 8, 9, 10, 11, 11, 10, 9, 8, 7, 6, 5, 4, 3, 2, 3, 4, 5, 6, 7, 8, 7, 6, 5, 4, 5, 6, 7, 8, 9, 10, 11, 12, 13, 14, 15, 16, 17, 18, 19, 19, 19, 19, 19, 19, 19, 19, 19, 19]
Ghost
[0, 1, 2, 3, 4, 5, 6, 7, 6, 6, 5, 5, 6, 7, 8, 9, 9, 8, 8, 7, 8, 9, 10, 11, 12, 13, 14, 13, 12, 11, 10, 10, 10, 9, 9, 8, 9, 9, 10, 9, 8, 7, 7, 6, 6, 5, 4, 3, 2, 1, 0]
[2, 2, 2, 3, 3, 2, 2, 2, 1, 2, 2, 1, 0, 0, 0, 1, 2, 2, 1, 2, 2, 2, 3, 3, 2, 2, 2, 3, 4, 5, 4, 5, 6, 6, 7, 7, 8, 9, 10, 10, 9, 8, 7, 6, 7, 6, 5, 5, 4, 3, 2]
Black Cat
[0, 1, 1, 1, 1, 0, 0, 0, 1, 2, 2, 2, 3, 4, 5, 6, 7, 8, 9, 9, 9, 8, 7, 7, 8, 9, 10, 10, 10, 9, 8, 8, 8, 8, 7, 6, 7, 7, 7, 6, 5, 4, 3, 2, 2, 2, 1, 0]
[9, 8, 7, 6, 5, 4, 3, 2, 3, 2, 3, 4, 3, 2, 2, 2, 3, 4, 3, 2, 1, 1, 2, 1, 0, 0, 1, 2, 3, 4, 5, 6, 7, 8, 9, 9, 8, 7, 6, 5, 5, 5, 5, 6, 7, 8, 9, 9]
Coffin
[2, 3, 3, 4, 4, 3, 3, 3, 3, 2, 2, 2, 2, 1, 1, 2, 2, 2, 1, 0, 0, 0, 0, 0, 1, 1, 1, 2, 3, 4, 4, 4, 5, 5, 5, 5, 5, 4, 3, 2]
[1, 1, 2, 2, 3, 3, 4, 5, 6, 6, 5, 4, 3, 3, 2, 2, 1, 0, 1, 2, 3, 4, 5, 6, 7, 8, 9, 10, 10, 9, 8, 7, 6, 5, 4, 3, 2, 1, 0, 0]
Cauldron
[0, 1, 2, 3, 4, 4, 5, 6, 6, 7, 8, 9, 10, 9, 8, 7, 6, 5, 4, 3, 2, 1, 0, 1, 2, 3, 4, 3, 2, 2, 2, 2, 3, 4, 5, 6, 7, 6, 5, 4, 3, 4, 5, 6, 7, 8, 8, 8, 8, 7, 6, 5, 4]
[4, 4, 5, 4, 5, 4, 5, 4, 5, 4, 5, 4, 4, 5, 6, 6, 6, 6, 6, 6, 6, 5, 4, 4, 5, 4, 5, 5, 4, 3, 2, 1, 0, 0, 0, 0, 0, 1, 1, 1, 0, 0, 0, 0, 0, 1, 2, 3, 4, 5, 5, 5, 5]
Demon
[4, 3, 3, 2, 1, 1, 1, 2, 2, 3, 2, 1, 0, 0, 1, 2, 3, 2, 1, 1, 2, 3, 2, 3, 4, 5, 6, 7, 8, 8, 7, 6, 5, 6, 7, 7, 6, 5, 6, 5, 6, 6, 7, 7, 7, 6, 5, 5, 4]
[11, 10, 9, 8, 7, 6, 5, 4, 5, 5, 4, 3, 2, 1, 0, 0, 0, 1, 1, 2, 3, 3, 4, 3, 3, 3, 4, 3, 2, 1, 0, 0, 0, 1, 1, 2, 3, 3, 4, 5, 5, 4, 5, 6, 7, 8, 9, 10, 11]
Owl
[0, 1, 2, 3, 4, 4, 5, 5, 4, 5, 6, 7, 6, 5, 4, 3, 2, 1, 0, 1, 2, 2, 3, 2, 1, 1, 1, 1, 1, 2, 2, 1, 2, 2, 2, 3, 2, 2, 3, 4, 4, 5, 5, 4, 5, 5, 5, 6, 5, 5, 6, 6, 6, 6, 6, 5]
[0, 1, 2, 3, 4, 3, 3, 2, 3, 2, 1, 0, 0, 1, 1, 1, 1, 0, 0, 1, 2, 3, 3, 2, 3, 4, 5, 6, 7, 8, 9, 10, 9, 10, 9, 10, 9, 8, 9, 10, 9, 8, 9, 10, 9, 10, 9, 10, 9, 8, 7, 6, 5, 4, 3, 2]
Death
[2, 2, 2, 3, 4, 3, 3, 3, 3, 3, 2, 1, 0, 0, 1, 2, 3, 4, 4, 4, 4, 4, 4, 4, 4, 4, 4, 4, 3, 3, 3, 3, 3, 3, 4, 3, 2, 1, 1, 1, 2, 2, 1, 0, 0, 1, 2, 2, 2, 3, 4, 5, 6, 5, 5, 5, 5, 6, 6, 6, 6, 5, 5, 5, 5, 5, 5, 5, 5, 5, 5, 5, 5, 5, 6, 5, 4, 3, 2, 1, 0, 1, 2, 2, 2, 2]
[6, 7, 8, 8, 8, 8, 7, 6, 5, 4, 4, 4, 5, 4, 3, 3, 3, 4, 5, 6, 7, 8, 9, 10, 11, 12, 13, 14, 14, 13, 12, 11, 10, 9, 9, 9, 9, 8, 7, 6, 5, 4, 4, 5, 4, 3, 3, 2, 1, 0, 0, 0, 0, 1, 2, 3, 4, 3, 2, 1, 0, 1, 2, 3, 4, 5, 6, 7, 8, 9, 10, 11, 12, 13, 14, 14, 14, 14, 14, 14, 14, 13, 12, 11, 10, 9]
Haunted house
[1, 1, 1, 0, 1, 2, 3, 4, 4, 4, 4, 4, 3, 4, 3, 4, 3, 4, 5, 4, 5, 4, 5, 4, 4, 4, 5, 5, 5, 5, 4, 5, 6, 7, 8, 7, 7, 7, 8, 9, 10, 11, 12, 11, 11, 11, 11, 10, 9, 9, 8, 7, 7, 6, 5, 4, 3, 2, 1]
[9, 8, 7, 7, 6, 5, 5, 5, 6, 7, 8, 7, 8, 7, 7, 7, 6, 7, 8, 7, 7, 7, 6, 7, 6, 5, 5, 4, 3, 2, 2, 1, 0, 1, 2, 2, 3, 4, 4, 4, 4, 5, 6, 6, 7, 8, 9, 9, 9, 8, 7, 8, 9, 9, 9, 9, 9, 9, 9]
Question mark
[2, 2, 3, 4, 5, 6, 6, 6, 5, 4, 4, 4, 4, 3, 3, 4, 3, 3, 3, 4, 5, 5, 5, 4, 3, 3, 2]
[3, 2, 1, 1, 1, 2, 3, 4, 5, 6, 7, 8, 9, 9, 8, 8, 8, 7, 6, 5, 4, 3, 2, 2, 2, 3, 3]
Diamond
[0, 1, 2, 3, 4, 5, 6, 5, 4, 3, 2, 1, 0]
[2, 1, 0, 0, 0, 1, 2, 3, 4, 5, 4, 3, 2]
One
[0, 1, 2, 3, 4, 5, 5, 5, 5, 5, 5, 5, 5, 6, 7, 7, 6, 5, 4, 3, 2, 2, 3, 4, 4, 4, 4, 4, 4, 4, 3, 2, 1, 0]
[3, 2, 1, 0, 0, 0, 1, 2, 3, 4, 5, 6, 7, 7, 7, 8, 8, 8, 8, 8, 8, 7, 7, 7, 6, 5, 4, 3, 2, 1, 1, 2, 3, 3]
Two
[0, 1, 1, 2, 3, 4, 4, 4, 3, 2, 1, 0, 0, 1, 2, 3, 4, 5, 5, 4, 3, 2, 1, 2, 3, 4, 5, 5, 5, 4, 3, 2, 1, 0, 0]
[3, 3, 2, 1, 1, 2, 3, 4, 5, 6, 7, 8, 9, 9, 9, 9, 9, 9, 8, 8, 8, 8, 8, 7, 6, 5, 4, 3, 2, 1, 0, 0, 1, 2, 3]
Four
[0, 0, 0, 0, 0, 1, 2, 2, 2, 3, 3, 3, 4, 4, 4, 3, 3, 2, 1, 1, 1, 1, 0]
[0, 1, 2, 3, 4, 4, 4, 5, 6, 6, 5, 4, 4, 3, 2, 2, 3, 3, 3, 2, 1, 0, 0]
